"car.gals"<-
c(13.3, 12.2, 11.5, 13.5, 14.3, 25.7, 13.3, 12.7, 8.9, 
	14.2, 12, 13.2, 12.8, 13.6, 12.3, 13.2, 13.1, 13.6, 13.6, 13,
	12.5, 11.6, 7.5, 14.2, 11.9, 13.1, 13.6, 14.2, 12.1, 12.8, 13.9, 13, 12.5, 
	13.6, 12.8, 14.2, 13, 13.8, 12.3, 8.9, 
	10.3, 11.6, 7.8, 14.5, 7.1, 12, 12.3, 12.5, 14.1, 13, 
	12.3, 13.2, 13.7, 13.4, 12.5, 12.9, 13.3, 6.2, 13.2, 
	12.8, 11.2, 13.5, 13.2, 14.1, 13.6, 13, 12.8, 13.2, 12.9, 13,
	13, 12, 14.5, 21.2, 13.2, 12.9, 12.5, 22, 13.1, 12.3, 13.2, 13.7, 12.5, 
	13.2, 13.5, 13.9, 12.5, 12.4, 12.3, 10.5, 11.5, 12.8, 12, 13,
	5.8, 9.5, 9, 7.7, 10.1, 11.9, 11.4, 12.6, 12.5, 12.7, 13.6, 11.7, 13.5, 
	12.3, 13, 13.2, 13.2, 11.6, 13.8, 13.5, 13.9, 14.2, 13, 13)
"car.miles"<-
c(210, 199, 182, 208.4, 217, 379.8, 204, 180.6, 157.5, 226.8, 181, 194.5, 194.5, 208.3, 188.6, 
	193, 212, 207.5, 216.2, 203.1, 202.5, 193.5, 116, 221.6, 194.2, 213.6, 217.3, 211.5, 200,
	191, 227, 207.4, 209.8, 212.5, 209, 213.1, 215.4, 215.8, 204.1, 165, 176.3, 
	243, 142, 293, 118, 224, 221.9, 199, 242, 222, 219, 202.6, 221, 226, 207, 218, 228, 97, 
	266, 253, 191, 228, 212.7, 217, 190, 213, 210.6, 217, 176.7, 206, 208.3, 
	190, 212, 313, 197, 189, 188, 334, 203, 209, 236, 206, 163, 195, 201, 213, 209.5, 197.4, 
	199.6, 167, 208, 204, 188.5, 212.3, 88.7, 200, 179, 153, 207, 234, 193, 210, 196, 217, 
	228, 201, 216, 189.4, 184.7, 189, 197, 168, 209, 202, 183, 204, 197, 204)